1741882776355 0.38363731069158213 1
1741882789311 0.15252553527207338 2
1741882801396 0.09396789107442827 3
1741882814056 0.07596834246502367 4
1741882826258 0.06734616471122401 5
1741882838216 0.06215859681021336 6
1741882850435 0.05847047777600991 7
1741882863072 0.05555699450909629 8
1741882876132 0.05315148151775663 9
1741882888909 0.051207109130630195 10
1741882902418 0.04960387618851292 11
1741882915138 0.0482277105771756 12
1741882928246 0.04701856440005377 13
1741882940511 0.045936872272990474 14
1741882953308 0.04491868788419768 15
1741882966301 0.04398250259285749 16
1741882978503 0.04312579792945884 17
1741882991009 0.042333359404127725 18
1741883003006 0.0415811602805936 19
1741883015272 0.04091271853377653 20
1741883027569 0.040235986889794816 21
1741883040123 0.03964287230326224 22
1741883052412 0.0391048103166643 23
1741883064482 0.03858972528530646 24
1741883077070 0.03810169062642164 25
1741883089179 0.03768560538689295 26
1741883101689 0.03727878104577693 27
1741883114090 0.03685459956642269 28
1741883126392 0.03647159037086391 29
1741883138633 0.03613927824668182 30
1741883150728 0.03579247910384984 31
1741883163056 0.035486443213714185 32
1741883174951 0.03520069672733314 33
1741883187139 0.03496353143407393 34
1741883200076 0.034710531346788705 35
1741883212470 0.034436318878979646 36
1741883224984 0.034246012626230254 37
1741883237268 0.034040553105431935 38
1741883249773 0.0338156925326632 39
1741883261787 0.033595173626907116 40
1741883273673 0.03339757617245349 41
1741883285954 0.03320338395099307 42
1741883298067 0.03299811725006547 43
1741883310596 0.032836290148570556 44
1741883322737 0.03268123510503029 45
1741883335020 0.03253055386996084 46
1741883347155 0.032368173721686815 47
1741883359145 0.03222372717866602 48
1741883371861 0.03209577645211257 49
1741883383783 0.031996597470932225 50
1741883396507 0.03184817419495693 51
1741883408751 0.03174831118983354 52
1741883421290 0.031643223854922506 53
1741883433569 0.031535520788657574 54
1741883446159 0.03143036268766998 55
1741883458963 0.03135651731213858 56
1741883471204 0.031262387023415675 57
1741883483392 0.031163166544234105 58
1741883495551 0.031064625526236934 59
1741883508796 0.03100540421094543 60
1741883521562 0.03093904746306497 61
1741883534300 0.03084375024881474 62
1741883547285 0.030769302632457526 63
1741883559056 0.030705100344133006 64
1741883571664 0.030645447357218396 65
1741883583871 0.030548444494258527 66
1741883595961 0.03049191628950973 67
1741883608201 0.03043016977608204 68
1741883620680 0.03033473318110603 69
1741883633957 0.030285154649800108 70
1741883646475 0.030228727287793345 71
1741883658972 0.030166053234837776 72
1741883671228 0.030128156217609264 73
1741883683528 0.030029643760171046 74
1741883696059 0.02998986509592496 75
1741883708734 0.029933559210147967 76
1741883721163 0.029880864892241565 77
1741883734652 0.029844784444963284 78
1741883747548 0.029781094326298368 79
1741883759694 0.029746373739931012 80
1741883772220 0.02972825070799783 81
1741883784322 0.029640166103377823 82
1741883796242 0.02961346895484499 83
1741883808354 0.029549899908114772 84
1741883820453 0.029511707596654117 85
1741883832734 0.029486242277446645 86
1741883844941 0.02944249220827753 87
1741883857327 0.029377558795634168 88
1741883869323 0.029329855904676193 89
1741883881519 0.02933563371441623 90
1741883893548 0.02924792420898759 91
1741883905801 0.02925345847426459 92
1741883918084 0.0292082558739786 93
1741883930871 0.02914946757314741 94
1741883943310 0.02911684712640537 95
1741883955369 0.029073161773325862 96
1741883967896 0.02904805052996606 97
1741883980806 0.029003683246614398 98
1741883992932 0.02900269132309644 99
1741884005224 0.028927789134688155 100
1741884017495 0.028888857266468594 101
1741884029609 0.028871237264238587 102
1741884041805 0.02880004919025787 103
1741884054181 0.028724654223914296 104
1741884066648 0.028692184405964473 105
1741884079039 0.028632775800981263 106
1741884092478 0.028590265661478043 107
1741884104863 0.02851542657197908 108
1741884116685 0.0285002696508354 109
1741884128764 0.028442724470713342 110
1741884140513 0.02842098546698112 111
1741884152442 0.028357459650945292 112
1741884164224 0.02832207560192707 113
1741884176200 0.02832641134890475 114
1741884187823 0.028259056367615398 115
1741884199483 0.02819177642637907 116
1741884211459 0.028159350878739543 117
1741884223101 0.028139541459869046 118
1741884234768 0.028070558295693507 119
1741884246421 0.02807434438908285 120
1741884258126 0.02801307019337203 121
1741884270188 0.027978030141702918 122
1741884282013 0.027970843089296836 123
1741884293949 0.027926653565824494 124
1741884305760 0.027881931961160296 125
1741884317483 0.02786266865829627 126
1741884329149 0.027795252455181853 127
1741884340937 0.02775810211319332 128
1741884352529 0.027782002882670985 129
1741884364457 0.027715664371386055 130
1741884376379 0.027705424689045247 131
1741884388245 0.027667144010233326 132
1741884400033 0.02763016963767451 133
1741884411777 0.027575177884148074 134
1741884423966 0.02757232714184495 135
1741884435880 0.0275624334638895 136
1741884447439 0.02753183167687682 137
1741884459280 0.027485070446896 138
1741884470991 0.02746092582973399 139
1741884483007 0.02744290144579817 140
1741884494881 0.02741552951435248 141
1741884506709 0.02737249620258808 142
1741884518687 0.02737811395479727 143
1741884530557 0.02734289293776649 144
1741884542496 0.027307556523371114 145
1741884554074 0.02728103545978088 146
1741884565942 0.02725732709143975 147
1741884577784 0.02724109016820904 148
1741884589504 0.027176672910419544 149
1741884601338 0.027146891539180002 150
1741884613265 0.02715148043262866 151
1741884624947 0.02711234253275302 152
1741884636816 0.027070507739287937 153
1741884648718 0.027068109345412993 154
1741884660550 0.027073812938129254 155
1741884672290 0.027015647858150246 156
1741884684207 0.026967853986362155 157
1741884696166 0.026942766942950183 158
1741884708243 0.0269254116384789 159
1741884720019 0.026889759873928026 160
1741884732161 0.026885207930161047 161
1741884743875 0.026860259776545124 162
1741884755787 0.026808136164448982 163
1741884767751 0.02679323198548121 164
1741884779453 0.02677626497754755 165
1741884791362 0.026730713181832965 166
1741884803140 0.026745432251414587 167
1741884814953 0.02669340562681819 168
1741884826631 0.026691111526632495 169
1741884838449 0.026649817954315695 170
1741884850342 0.02663862885719584 171
1741884862088 0.026621087923530462 172
1741884874104 0.026577240765787834 173
1741884885794 0.026554202415453372 174
1741884897631 0.0265628877276367 175
1741884909784 0.02652581707509451 176
1741884921683 0.02650006485077762 177
1741884933860 0.0264800439711458 178
1741884945811 0.026443238680561382 179
1741884957710 0.02643406158674133 180
1741884969416 0.026429518046536187 181
1741884981087 0.02638459634468999 182
1741884992908 0.026388968983592914 183
1741885004716 0.026351384746358376 184
1741885016601 0.02634332210634106 185
1741885028627 0.026306826563537583 186
1741885040702 0.026294202478819115 187
1741885052523 0.02631259337067604 188
1741885064502 0.026262766010192937 189
1741885076232 0.026245441417707953 190
1741885088109 0.026211427712394285 191
1741885099880 0.02621395075910313 192
1741885111765 0.0262260938337607 193
1741885123634 0.026170865726447844 194
1741885135379 0.02617003484232019 195
1741885147458 0.02616084843527439 196
1741885159156 0.026136166928697004 197
1741885171043 0.026109190470026446 198
1741885182919 0.026108146623470063 199
1741885194635 0.026076595104017924 200
1741885206697 0.026078516025413837 201
1741885218503 0.026053563670017 202
1741885230253 0.026000293477099073 203
1741885242094 0.026022773019449656 204
1741885253952 0.02599594216476115 205
1741885265906 0.02596492063282996 206
1741885277888 0.02595610035828842 207
1741885289825 0.025923151854974354 208
1741885301467 0.02591765365859335 209
1741885313250 0.025898271348587302 210
1741885324866 0.025901314997395803 211
1741885336651 0.025867070511792056 212
1741885348526 0.02588488129797832 213
1741885360544 0.025824695782259453 214
1741885372576 0.025845441476319186 215
1741885384439 0.025841838109862895 216
1741885396257 0.02579831952850024 217
1741885408150 0.025828744118758875 218
1741885420130 0.025763234369052472 219
1741885432185 0.025758226019467496 220
1741885444095 0.02575061193039251 221
1741885455937 0.025746996767183606 222
1741885467639 0.025744103631654452 223
1741885479425 0.025709743936394535 224
1741885491433 0.025703603473975677 225
1741885503655 0.025680505331288014 226
1741885515558 0.02569772515359313 227
1741885527162 0.025655671145564826 228
1741885539048 0.02564361253969891 229
1741885550530 0.025659275479441464 230
1741885562486 0.025624997552859692 231
1741885574171 0.025603688993426257 232
1741885585802 0.025615557335143865 233
1741885597992 0.025615377019542133 234
1741885609744 0.025615591339247172 235
1741885621407 0.025572132420285727 236
1741885633385 0.025563303424521934 237
1741885645042 0.02554735116833864 238
1741885657018 0.02552369698997616 239
1741885668935 0.025560109479020734 240
1741885680876 0.02552165516991486 241
1741885692632 0.02553633779518364 242
1741885704514 0.025495000660072927 243
1741885716272 0.025497586661299993 244
1741885728203 0.025463118860425876 245
1741885740110 0.0254977884045405 246
1741885751885 0.025455088376305824 247
1741885763729 0.025434549883470055 248
1741885775841 0.025441974574743315 249
1741885787518 0.025433992403884265 250
1741885799130 0.0254114553361207 251
1741885810943 0.025430937665839527 252
1741885822884 0.025415233935612118 253
1741885834709 0.02540583498487177 254
1741885846509 0.025385880135288533 255
1741885858302 0.025387201487093933 256
1741885870292 0.025374106860669085 257
1741885882100 0.025350326758831046 258
1741885894000 0.025322562791118327 259
1741885905901 0.02533949941916521 260
1741885917808 0.025347323337382124 261
1741885929920 0.025355781565687453 262
1741885941952 0.025279386517728947 263
1741885954127 0.025308200641888982 264
1741885966029 0.025282121025199115 265
1741885978318 0.02527864716311758 266
1741885990816 0.02526955245885738 267
1741886003404 0.0252916129204885 268
1741886016021 0.02523750442174054 269
1741886028807 0.02525156522675078 270
1741886040915 0.02524164929812731 271
1741886052989 0.025194543406598328 272
1741886064970 0.025206514728046202 273
1741886077711 0.025218326338501865 274
1741886089797 0.025194881137373837 275
1741886102300 0.025173482333504877 276
1741886114686 0.0251905725936788 277
1741886126952 0.02516496405294237 278
1741886139077 0.02516431939001231 279
1741886151377 0.02514810399549414 280
1741886163667 0.025152853495159815 281
1741886176213 0.025146098489793697 282
1741886188828 0.025133156975687937 283
1741886201247 0.025113932557346286 284
1741886213806 0.025102017331839532 285
1741886226228 0.02507468935304372 286
1741886237960 0.02508511794225652 287
1741886249674 0.025056231174935665 288
1741886262101 0.025067559580585753 289
1741886274266 0.025061609266802322 290
1741886286747 0.02509204285262629 291
1741886299081 0.025038397459443227 292
1741886311630 0.02503117767357549 293
1741886323739 0.025008601374750913 294
1741886335851 0.025031512357698855 295
1741886348988 0.025003560118434964 296
1741886361375 0.02498546376997648 297
1741886374711 0.024985210378040638 298
1741886387174 0.024982433795004852 299
1741886399068 0.024983569344346836 300
1741886410803 0.024948745244002157 301
1741886422933 0.02496955903290316 302
1741886434954 0.024926779156391934 303
1741886448192 0.0249621426874353 304
1741886460621 0.024897632181875465 305
1741886473733 0.02493288864692052 306
1741886488390 0.02491307716325734 307
1741886500937 0.024902391038084216 308
1741886513103 0.02493046445035657 309
1741886525586 0.024882604144224826 310
1741886538385 0.024865511833697326 311
1741886550687 0.024877916992634766 312
1741886562992 0.024865671024881592 313
1741886575426 0.02486744006128274 314
1741886587395 0.024873403009287146 315
1741886599394 0.024848494505466417 316
