1741858869585 0.4017277422339417 1
1741858884472 0.20698063976542894 2
1741858898719 0.13430887558894564 3
1741858912732 0.10577191002378168 4
1741858926562 0.0927540967168734 5
1741858940868 0.08558111354824184 6
1741858954781 0.08093484906956207 7
1741858968696 0.07710178311943083 8
1741858983683 0.0738524057606394 9
1741858998491 0.07102885195451189 10
1741859013789 0.06869612888310307 11
1741859027854 0.06661057368267415 12
1741859042094 0.06501223279755244 13
1741859056899 0.06361498784764792 14
1741859071391 0.06234092510832372 15
1741859085734 0.06123278313135916 16
1741859099601 0.06029224404415419 17
1741859114005 0.05949046355924865 18
1741859127733 0.05873595365835715 19
1741859142060 0.05786488407342009 20
1741859156202 0.05718713906384254 21
1741859170702 0.056516190225532816 22
1741859184846 0.05574531899404156 23
1741859199002 0.055160932820434716 24
1741859212858 0.05466086815956027 25
1741859226844 0.05407535582203274 26
1741859240575 0.05360501230687134 27
1741859254244 0.053231660565433575 28
1741859267769 0.052806316015794295 29
1741859281852 0.052403339090966436 30
1741859295565 0.05205512777432915 31
1741859309556 0.05156578008056611 32
1741859323280 0.05123727459662644 33
1741859336989 0.050966616171275 34
1741859350907 0.0505793743528599 35
1741859364770 0.05038874697431114 36
1741859378428 0.05006115277146184 37
1741859392504 0.04982731404692628 38
1741859406772 0.04955365162256152 39
1741859420404 0.049267475861449576 40
1741859434216 0.04907916899221812 41
1741859447784 0.04882574124738227 42
1741859461889 0.048589199839174285 43
1741859475841 0.04835857118862544 44
1741859489446 0.048155254114043804 45
1741859503426 0.047871847774169245 46
1741859517149 0.0476538174778454 47
1741859531054 0.04748317452017651 48
1741859544809 0.04722275371237319 49
1741859559183 0.047076178469168124 50
1741859572904 0.047062853163526965 51
1741859586991 0.04671476735163105 52
1741859601142 0.046462803328222085 53
1741859614876 0.0462903158320475 54
1741859628471 0.046288465055846426 55
1741859642430 0.04604491340213044 56
1741859656135 0.045930399999831076 57
1741859670061 0.04571487341624822 58
1741859683958 0.045565155125403586 59
1741859697638 0.04543268853841826 60
1741859711265 0.04526765185386636 61
1741859725262 0.045072158986283826 62
1741859738883 0.04499009736748629 63
1741859753552 0.04478533947190573 64
1741859767155 0.04463745555443357 65
1741859781089 0.0444980533721373 66
1741859794860 0.04429361865270969 67
1741859808280 0.044173860619234485 68
1741859822457 0.04404198069327561 69
1741859836281 0.043962776834188505 70
1741859850045 0.043722952318977014 71
1741859863432 0.04365523295231568 72
1741859877413 0.04358742368775745 73
1741859892663 0.043572593509226806 74
1741859907331 0.043431979625724086 75
1741859921935 0.04331658546661222 76
1741859936368 0.04311072462519934 77
1741859951737 0.04305491535816082 78
1741859966126 0.04294034001208091 79
1741859980845 0.04280381355174752 80
1741859995333 0.04277246791956037 81
1741860009924 0.04257162669023802 82
1741860024003 0.04252356787522634 83
1741860038824 0.04236379381298095 84
1741860054625 0.042327594185291334 85
1741860069950 0.04221441192451374 86
1741860084971 0.04203470848327459 87
1741860099648 0.04184326041460961 88
1741860114707 0.041852528936872184 89
1741860131258 0.041759014764959496 90
1741860145735 0.04157237809642341 91
1741860160665 0.04163724290885667 92
1741860175340 0.04148668492602747 93
1741860189794 0.041427400425191996 94
1741860204887 0.041294809084299 95
1741860219487 0.04122137012638787 96
1741860234166 0.04113023635721946 97
1741860248647 0.04096017561333124 98
1741860263115 0.04089619109565897 99
1741860277383 0.040759794442921646 100
1741860292396 0.04072731854610665 101
1741860306768 0.04069516022307004 102
1741860321860 0.040594918407904086 103
1741860336319 0.040510836584392446 104
1741860350970 0.04047411735090174 105
1741860365745 0.04043044190305148 106
1741860380374 0.040356140208336735 107
1741860394930 0.04028264941402184 108
1741860410498 0.04033049597412117 109
1741860425306 0.040183473060759464 110
1741860439614 0.04008574469029441 111
1741860454381 0.04001242216936378 112
1741860468766 0.040035771018312884 113
1741860483327 0.039940675590620485 114
1741860498495 0.03993654505226963 115
1741860513636 0.039739788358294684 116
1741860528034 0.03967665239822033 117
1741860542504 0.039641784922790156 118
1741860557229 0.03961753573759582 119
1741860572100 0.039472268937632095 120
1741860586709 0.03942077055342438 121
1741860601807 0.03941119283206703 122
1741860616003 0.039200958817504176 123
1741860630511 0.03920355826154236 124
1741860644806 0.039180478644232415 125
1741860659222 0.03909384352407714 126
1741860674059 0.03899038669674895 127
1741860688365 0.03900688750914825 128
1741860702823 0.038839908215657686 129
1741860718299 0.03882557982506678 130
1741860733137 0.038791133711735405 131
1741860747649 0.038721507862787836 132
1741860761961 0.03861352261300235 133
1741860776879 0.03864199688383775 134
1741860791648 0.038462042028820795 135
1741860806271 0.03848622078003809 136
1741860821498 0.038489937464627186 137
1741860836228 0.03838080387244853 138
1741860850388 0.03834200301027113 139
1741860865268 0.038292926382417825 140
1741860881071 0.03822300199043843 141
1741860895883 0.03812357633150825 142
1741860910463 0.03803918377835621 143
1741860925376 0.03808299937220507 144
1741860939780 0.03787363473643628 145
1741860954107 0.03782998158257137 146
1741860968312 0.037871043753716374 147
1741860983073 0.03768369122300037 148
1741860997767 0.037680509911720145 149
1741861012184 0.03749335525456325 150
1741861026306 0.03748201373820157 151
1741861040601 0.03739898238879766 152
1741861054550 0.037292759028054026 153
1741861068392 0.037294771868822185 154
1741861082407 0.03717849085959353 155
1741861096300 0.037153306857560034 156
1741861110594 0.037124071501253186 157
1741861124949 0.03699531169362771 158
1741861139274 0.03699738488987435 159
1741861153518 0.0369408293230127 160
1741861168177 0.036859395170165586 161
1741861182294 0.0367581259834674 162
1741861196582 0.036667789079884223 163
1741861210793 0.036622755922550376 164
1741861224730 0.03667889731798985 165
1741861238870 0.03659308444737464 166
1741861253066 0.03652597972473433 167
1741861267835 0.03651902723566506 168
1741861281728 0.036386710266734276 169
1741861296119 0.03639694002940673 170
1741861310238 0.036417769744645716 171
1741861324476 0.036274335989656376 172
1741861338565 0.036269835752341176 173
1741861352234 0.03624119976347731 174
1741861366735 0.03622419288916181 175
1741861381011 0.03607778999116994 176
1741861395668 0.03602604752825212 177
1741861409395 0.03605654645104741 178
1741861423796 0.035964925997247994 179
1741861437916 0.035977000211791475 180
1741861452012 0.035804302915353185 181
1741861466591 0.035863277610651285 182
1741861481158 0.03572232989493267 183
1741861495430 0.03581117931031441 184
1741861509661 0.03571875043964201 185
1741861524312 0.035649178823990414 186
1741861539084 0.035646590064893395 187
1741861553767 0.03555289378692938 188
1741861568244 0.03564968676299088 189
1741861582788 0.03545839379924212 190
1741861597168 0.03547805157858272 191
1741861611080 0.035511809985998066 192
1741861625539 0.03544300072645956 193
1741861639668 0.035359524508086285 194
1741861655135 0.035233309449151505 195
1741861669386 0.03533966391701107 196
1741861683873 0.03521519633688668 197
1741861698084 0.035114621238191 198
1741861712597 0.035117961552947066 199
1741861726692 0.03521357918548029 200
1741861741209 0.03516396340127139 201
1741861755742 0.03506360604434974 202
1741861770521 0.035112846873758374 203
1741861785322 0.035072079895771754 204
1741861799485 0.035065341711968415 205
1741861813758 0.03497677642938703 206
1741861828302 0.03501377416442531 207
1741861842956 0.034930270049692125 208
1741861858155 0.03488572704237561 209
1741861872265 0.03484146721487821 210
1741861886611 0.03488054094735042 211
1741861901203 0.03490059095066647 212
1741861915190 0.03478207147514173 213
1741861929772 0.03466868201314017 214
1741861943683 0.03467268655581992 215
1741861958084 0.03473781831851301 216
1741861971975 0.03462040193321169 217
1741861986215 0.03466301437380702 218
1741862000610 0.034589101322168525 219
1741862015579 0.034504953800707824 220
1741862030255 0.03440971848692081 221
1741862044750 0.03447216804059901 222
1741862058603 0.03444599059894103 223
1741862072516 0.03439777003702267 224
1741862086425 0.03436035067998162 225
1741862100597 0.03443264395229576 226
